34,35
34,34
34,33
34,32
34,31
34,30
34,29
34,8
34,28
34,27
4294967279,497
34,26
34,25
34,24
34,23
34,22
34,21
34,20
34,19
34,18
34,17
34,16
34,15
34,14
34,13
34,12
34,11
34,10
4294967278,428
4294967279,313
34,9
34,7
34,6
34,5
34,4
34,3
34,2
34,1
33,5
33,4
33,3
33,2
33,1
32,7
32,6
32,5
32,4
32,3
32,2
32,1
4294967279,496
4294967279,495
4294967279,494
4294967279,493
4294967278,427
4294967278,426
31,35
31,34
31,33
31,32
31,31
31,30
31,29
31,8
31,28
31,27
31,26
31,25
4294967278,317
31,24
31,23
31,22
31,21
31,20
31,19
31,18
31,17
31,16
31,15
31,14
31,13
31,12
31,11
31,10
4294967279,286
31,9
31,7
31,6
31,5
31,4
31,3
31,2
31,1
30,5
30,4
30,3
30,2
30,1
29,7
29,6
29,5
29,4
29,3
29,2
29,1
26,57
26,52
28,51
4294967278,425
4294967278,424
27,107
26,94
4294967278,423
27,106
26,93
27,105
26,92
27,104
26,91
27,103
4294967279,492
4294967278,422
26,56
26,53
27,43
27,42
26,90
27,102
4294967279,491
4294967278,421
27,101
26,89
4294967278,420
4294967279,490
4294967278,419
27,100
26,88
27,99
4294967278,418
4294967279,489
4294967278,417
26,87
4294967278,416
27,98
4294967279,488
26,86
27,97
27,96
26,85
4294967278,415
4294967279,487
27,95
4294967279,486
4294967279,485
26,84
26,55
26,54
27,94
26,83
4294967279,484
27,93
4294967278,414
26,82
27,92
4294967278,413
26,81
27,91
4294967294,221
4294967294,471
4294967294,269
4294967293,131
4294967293,130
4294967293,129
4294967293,128
4294967293,127
4294967293,126
4294967293,125
4294967293,124
4294967293,123
4294967293,122
4294967293,121
4294967293,120
4294967293,119
4294967293,118
4294967293,117
4294967293,116
4294967293,115
4294967293,114
4294967293,113
4294967293,112
4294967293,111
4294967293,110
4294967293,109
4294967293,108
4294967293,107
4294967293,106
4294967293,105
4294967293,104
4294967293,103
4294967293,102
4294967293,101
4294967293,100
4294967293,99
4294967293,98
4294967293,97
4294967293,96
4294967293,95
4294967293,94
4294967293,93
4294967293,92
4294967293,91
4294967293,90
4294967293,89
4294967293,88
4294967293,87
4294967293,86
4294967293,85
4294967293,84
4294967293,83
4294967293,82
4294967293,81
4294967293,80
4294967293,79
4294967293,78
4294967293,77
4294967293,76
4294967293,75
4294967293,74
4294967293,73
4294967293,72
4294967293,71
4294967293,70
4294967293,69
4294967293,68
4294967293,67
4294967293,66
4294967293,65
4294967293,64
4294967293,63
4294967293,62
4294967293,61
4294967293,60
4294967293,59
4294967293,58
4294967293,57
4294967293,56
4294967293,55
4294967293,54
4294967293,53
4294967293,52
4294967293,51
4294967293,50
4294967293,49
4294967293,48
4294967293,47
4294967293,46
4294967293,45
4294967293,44
4294967293,43
4294967293,42
4294967293,41
4294967293,40
4294967293,39
4294967293,38
4294967293,37
4294967293,36
4294967293,35
4294967293,34
4294967293,33
4294967293,32
4294967293,31
4294967293,30
4294967293,29
4294967293,28
4294967293,27
4294967293,26
4294967293,25
4294967293,24
4294967293,23
4294967293,22
4294967293,21
4294967293,20
4294967293,19
4294967293,18
4294967293,17
4294967293,16
4294967293,15
4294967293,14
4294967293,13
4294967293,12
4294967293,11
4294967293,10
4294967293,9
4294967293,8
4294967293,7
4294967293,6
4294967293,5
4294967293,4
4294967293,3
4294967293,2
4243767290,0
4243767289,0
4243767288,0
4243767287,0
4243767286,0
4243767285,0
4243767284,0
4243767283,0
4243767282,0
4243767281,0
4294967293,0
4294967278,71
4294967278,309
4294967278,73
4294967278,374
4294967278,74
4294967278,408
4294967278,77
4294967278,340
4294967278,341
4294967278,79
4294967278,81
4294967278,391
4294967278,375
4294967278,82
4294967278,196
4294967278,86
4294967278,343
4294967278,345
4294967278,89
4294967278,91
4294967278,204
4294967278,205
4294967278,315
4294967278,94
4294967278,316
4294967278,96
4294967278,97
4294967278,400
4294967278,392
4294967278,98
4294967278,99
4294967278,406
4294967278,100
4294967278,213
4294967278,214
4294967278,217
4294967278,103
4294967278,219
4294967278,104
4294967278,220
4294967278,407
4294967278,106
4294967278,224
4294967278,410
4294967278,108
4294967278,399
4294967278,109
4294967278,231
4294967278,110
4294967278,377
4294967278,111
4294967278,235
4294967278,112
4294967278,236
4294967278,277
4294967278,114
4294967278,409
4294967278,115
4294967278,401
4294967278,116
4294967278,242
4294967278,244
4294967278,247
4294967278,119
4294967278,249
4294967278,120
4294967278,251
4294967278,121
4294967278,319
4294967278,122
4294967278,253
4294967278,254
4294967278,320
4294967278,321
4294967278,325
4294967278,369
4294967278,127
4294967278,322
4294967278,128
4294967278,256
4294967278,129
4294967278,370
4294967278,131
4294967278,371
4294967278,3
4294967279,3
0,6
4294967279,255
4294967279,254
4294967279,252
4294967279,250
4294967279,248
4294967279,246
4294967279,244
4294967279,243
4294967279,240
4294967279,238
4294967279,237
4294967279,235
4294967279,233
4294967279,231
4294967279,228
4294967279,226
4294967279,224
4294967279,287
4294967279,285
4294967279,284
4294967279,283
4294967279,280
4294967279,273
4294967279,271
4294967279,269
